#N canvas 102 105 1742 918 16;
#N canvas 0 50 450 250 (subpatch) 0;
#X array wform 515 float 3;
#A 0 -0.0109537 0 0.0109537 0.0218911 0.0327959 0.0436523 0.0544445
0.0651572 0.0757759 0.0862863 0.0966752 0.10693 0.117039 0.126991 0.136778
0.146389 0.155819 0.16506 0.174108 0.182959 0.191611 0.200063 0.208314
0.216368 0.224226 0.231893 0.239375 0.246677 0.253809 0.260779 0.267597
0.274275 0.280824 0.287258 0.293589 0.299833 0.306005 0.31212 0.318193
0.324241 0.330281 0.336327 0.342398 0.348509 0.354676 0.360915 0.36724
0.373667 0.38021 0.386881 0.393694 0.400659 0.407788 0.41509 0.422573
0.430246 0.438114 0.446182 0.454454 0.462933 0.471619 0.480513 0.489614
0.498918 0.508421 0.518119 0.528005 0.538073 0.548312 0.558713 0.569266
0.57996 0.590781 0.601716 0.612752 0.623873 0.635064 0.64631 0.657595
0.668902 0.680214 0.691515 0.702788 0.714016 0.725183 0.736272 0.747266
0.75815 0.768909 0.779527 0.78999 0.800285 0.810398 0.820316 0.830028
0.839522 0.848788 0.857818 0.866601 0.875131 0.883399 0.8914 0.899128
0.906579 0.913748 0.920631 0.927227 0.933534 0.939549 0.945272 0.950703
0.955842 0.960689 0.965246 0.969514 0.973493 0.977187 0.980596 0.983723
0.986569 0.989137 0.991428 0.993445 0.995189 0.996662 0.997866 0.9988
0.999467 0.999867 1 0.999867 0.999467 0.9988 0.997866 0.996663 0.99519
0.993446 0.991429 0.989137 0.986569 0.983723 0.980597 0.977188 0.973494
0.969515 0.965247 0.960691 0.955843 0.950704 0.945273 0.93955 0.933535
0.927229 0.920633 0.913749 0.906581 0.89913 0.891402 0.883401 0.875133
0.866603 0.85782 0.84879 0.839524 0.83003 0.820318 0.8104 0.800287
0.789993 0.779529 0.768911 0.758152 0.747268 0.736274 0.725185 0.714019
0.702791 0.691518 0.680217 0.668904 0.657598 0.646313 0.635067 0.623875
0.612754 0.601718 0.590783 0.579962 0.569269 0.558715 0.548314 0.538075
0.528008 0.518121 0.508423 0.49892 0.489616 0.480515 0.471621 0.462935
0.454456 0.446184 0.438116 0.430248 0.422575 0.415091 0.407789 0.40066
0.393695 0.386882 0.380211 0.373669 0.367242 0.360916 0.354677 0.34851
0.3424 0.336329 0.330282 0.324242 0.318194 0.312121 0.306006 0.299835
0.293591 0.287259 0.280825 0.274276 0.267599 0.260781 0.253811 0.246679
0.239376 0.231895 0.224228 0.21637 0.208316 0.200064 0.191613 0.182961
0.17411 0.165062 0.155821 0.146391 0.13678 0.126993 0.117041 0.106932
0.0966774 0.0862886 0.0757782 0.0651595 0.0544468 0.0436546 0.0327983
0.0218934 0.0109561 2.36915e-06 -0.0109513 -0.0218887 -0.0327936 -0.0436499
-0.0544421 -0.0651549 -0.0757736 -0.086284 -0.0966729 -0.106928 -0.117037
-0.126989 -0.136775 -0.146387 -0.155817 -0.165058 -0.174106 -0.182957
-0.191609 -0.200061 -0.208313 -0.216366 -0.224224 -0.231892 -0.239373
-0.246676 -0.253808 -0.260778 -0.267596 -0.274273 -0.280823 -0.287256
-0.293588 -0.299832 -0.306004 -0.312118 -0.318192 -0.32424 -0.330279
-0.336326 -0.342397 -0.348508 -0.354675 -0.360913 -0.367239 -0.373666
-0.380208 -0.38688 -0.393692 -0.400657 -0.407786 -0.415088 -0.422572
-0.430244 -0.438112 -0.44618 -0.454453 -0.462931 -0.471618 -0.480512
-0.489612 -0.498916 -0.508419 -0.518117 -0.528003 -0.53807 -0.548309
-0.558711 -0.569264 -0.579957 -0.590778 -0.601714 -0.612749 -0.62387
-0.635062 -0.646308 -0.657593 -0.6689 -0.680212 -0.691513 -0.702786
-0.714014 -0.725181 -0.736269 -0.747263 -0.758148 -0.768907 -0.779525
-0.789988 -0.800283 -0.810395 -0.820314 -0.830025 -0.83952 -0.848786
-0.857816 -0.866599 -0.875129 -0.883397 -0.891399 -0.899127 -0.906577
-0.913746 -0.92063 -0.927226 -0.933532 -0.939548 -0.945271 -0.950702
-0.955841 -0.960689 -0.965245 -0.969513 -0.973493 -0.977186 -0.980595
-0.983722 -0.986568 -0.989136 -0.991428 -0.993445 -0.995189 -0.996662
-0.997865 -0.9988 -0.999467 -0.999867 -1 -0.999867 -0.999467 -0.9988
-0.997866 -0.996663 -0.99519 -0.993446 -0.991429 -0.989138 -0.98657
-0.983724 -0.980597 -0.977188 -0.973495 -0.969516 -0.965248 -0.960692
-0.955844 -0.950706 -0.945275 -0.939551 -0.933536 -0.92723 -0.920634
-0.913751 -0.906582 -0.899132 -0.891404 -0.883403 -0.875134 -0.866605
-0.857822 -0.848792 -0.839526 -0.830032 -0.82032 -0.810402 -0.800289
-0.789995 -0.779532 -0.768913 -0.758155 -0.747271 -0.736276 -0.725188
-0.714021 -0.702793 -0.69152 -0.680219 -0.668907 -0.6576 -0.646315
-0.635069 -0.623878 -0.612756 -0.601721 -0.590786 -0.579964 -0.569271
-0.558718 -0.548316 -0.538077 -0.52801 -0.518123 -0.508425 -0.498922
-0.489618 -0.480517 -0.471623 -0.462937 -0.454458 -0.446186 -0.438118
-0.430249 -0.422577 -0.415093 -0.407791 -0.400662 -0.393696 -0.386884
-0.380213 -0.37367 -0.367243 -0.360917 -0.354679 -0.348512 -0.342401
-0.33633 -0.330283 -0.324244 -0.318196 -0.312122 -0.306008 -0.299836
-0.293592 -0.28726 -0.280827 -0.274278 -0.2676 -0.260782 -0.253812
-0.24668 -0.239378 -0.231896 -0.224229 -0.216371 -0.208318 -0.200066
-0.191615 -0.182963 -0.174112 -0.165064 -0.155823 -0.146393 -0.136782
-0.126996 -0.117043 -0.106934 -0.0966796 -0.0862908 -0.0757804 -0.0651618
-0.0544491 -0.043657 -0.0328006 -0.0218958 -0.0109584 -4.7383e-06 0.010949
;
#X coords 0 1 515 -1 200 140 1;
#X restore 382 125 graph;
#X obj 830 96 array define scale 7;
#X obj 830 67 array set scale;
#X msg 830 32 0 2 4 5 7 9 11;
#X obj 926 320 until;
#X obj 926 349 random 16;
#X obj 926 378 t f f;
#X obj 926 407 % 7;
#X obj 1139 253 print;
#X obj 926 466 +;
#X obj 987 463 div 7;
#X obj 987 492 * 12;
#X obj 926 436 tabread scale;
#X obj 502 415 tabread~ seq;
#X obj 500 593 *~ 0.25;
#X obj 501 650 dac~;
#X obj 501 520 tabosc4~ wform;
#X obj 501 485 mtof~;
#X obj 926 524 vs.group 8;
#N canvas 0 50 450 250 (subpatch) 0;
#X array env 256 float 1;
#A 0 0 0.015625 0.03125 0.046875 0.0625 0.078125 0.09375 0.109375 0.125
0.140625 0.15625 0.171875 0.1875 0.203125 0.21875 0.234375 0.25 0.265625
0.28125 0.296875 0.3125 0.328125 0.34375 0.359375 0.375 0.390625 0.40625
0.421875 0.4375 0.453125 0.46875 0.484375 0.5 0.515625 0.53125 0.546875
0.5625 0.578125 0.59375 0.609375 0.625 0.640625 0.65625 0.671875 0.6875
0.703125 0.71875 0.734375 0.75 0.765625 0.78125 0.796875 0.8125 0.828125
0.84375 0.859375 0.875 0.890625 0.90625 0.921875 0.9375 0.953125 0.96875
0.984375 1 1 1 1 1 1 1 1 1 1 1 1 1 1 1 1 1 1 1 1 1 1 1 1 1 1 1 1 1
1 1 1 1 1 1 1 1 1 1 1 1 1 1 1 1 1 1 1 1 1 1 1 1 1 1 1 1 1 1 1 1 1 1
1 1 1 1 1 1 1 1 1 1 1 1 1 1 1 1 1 1 1 1 1 1 1 1 1 1 1 1 1 1 1 1 1 1
1 1 1 1 1 1 1 1 1 1 1 1 1 1 1 1 1 1 1 1 1 1 1 1 1 1 1 1 1 1 1 1 0.984375
0.96875 0.953125 0.9375 0.921875 0.90625 0.890625 0.875 0.859375 0.84375
0.828125 0.8125 0.796875 0.78125 0.765625 0.75 0.734375 0.71875 0.703125
0.6875 0.671875 0.65625 0.640625 0.625 0.609375 0.59375 0.578125 0.5625
0.546875 0.53125 0.515625 0.5 0.484375 0.46875 0.453125 0.4375 0.421875
0.40625 0.390625 0.375 0.359375 0.34375 0.328125 0.3125 0.296875 0.28125
0.265625 0.25 0.234375 0.21875 0.203125 0.1875 0.171875 0.15625 0.140625
0.125 0.109375 0.09375 0.078125 0.0625 0.046875 0 0.015625;
#X coords 0 1 255 -1 200 140 1 0 0;
#X restore 1314 56 graph;
#X obj 1489 329 samplerate~;
#X obj 1466 262 bng 15 250 50 0 empty empty empty 17 7 0 10 -262144
-1 -1;
#X floatatom 1489 354 5 0 0 0 - - -;
#X obj 1489 386 / 256;
#X obj 1466 577 tabwrite~ env;
#X obj 1466 282 t b b b;
#X obj 1489 422 phasor~;
#X msg 1556 386 0;
#X obj 1489 447 expr~ 1 - $v1;
#X obj 722 434 *~ 256;
#X obj 722 463 tabread4~ env;
#X obj 501 549 *~;
#X obj 722 399 wrap~;
#X obj 926 291 t f f;
#X obj 502 367 *~ 16;
#X obj 982 154 array define seq 16;
#X obj 503 311 phasor~ 0.4;
#X obj 1489 473 pow~ 1.5;
#X obj 233 349 wrap~;
#X obj 1167 410 vs.env.asr env;
#X obj 233 320 *~ 4;
#X obj 502 444 +~ 48;
#X msg 84 49 \; wform sinesum 512 1 0 -0.1111 0 0.04 0 0.0204 \, normalize
1;
#X msg 926 262 16;
#X obj 197 280 phasor~ 0.1;
#X obj 1105 560 array define startseq 16;
#X obj 1105 591 array define endseq 16;
#X obj 784 687 array get startseq;
#X obj 792 663 bng 15 250 50 0 empty empty empty 17 7 0 10 -262144
-1 -1;
#X obj 784 716 list prepend set;
#X msg 784 782 24 2 14 4 21 11 23 5 19 7 17 17 0 26 9 19;
#X obj 784 745 list trim;
#X obj 1239 710 bng 15 250 50 0 empty empty empty 17 7 0 10 -262144
-1 -1;
#X obj 1231 760 list prepend set;
#X msg 785 821 0 14 5 7 7 9 14 19 11 26 23 17 11 2 12 11;
#X obj 1231 789 list trim;
#X obj 1231 731 array get endseq;
#X msg 266 728 24 2 14 4 21 11 23 5 19 7 17 17 0 26 9 19;
#X msg 267 767 0 14 5 7 7 9 14 19 11 26 23 17 11 2 12 11;
#X obj 1106 623 array define currentseq 16;
#X floatatom 1480 663 5 0 0 0 - - -;
#X obj 1480 737 tabread endseq;
#X obj 1480 769 tabwrite startseq;
#X obj 1480 691 t f f;
#X obj 709 194 vs.urn 4;
#X obj 709 223 print;
#X obj 710 141 bng 15 250 50 0 empty empty empty 17 7 0 10 -262144
-1 -1;
#X msg 757 155 clear;
#X obj 836 161 t b;
#X obj 926 553 array set seq;
#X connect 3 0 2 0;
#X connect 4 0 5 0;
#X connect 5 0 6 0;
#X connect 6 0 7 0;
#X connect 6 1 10 0;
#X connect 7 0 12 0;
#X connect 9 0 18 0;
#X connect 10 0 11 0;
#X connect 11 0 9 1;
#X connect 12 0 9 0;
#X connect 13 0 41 0;
#X connect 14 0 15 0;
#X connect 14 0 15 1;
#X connect 16 0 31 0;
#X connect 17 0 16 0;
#X connect 18 0 69 0;
#X connect 20 0 22 0;
#X connect 21 0 25 0;
#X connect 22 0 23 0;
#X connect 23 0 26 0;
#X connect 25 0 24 0;
#X connect 25 1 20 0;
#X connect 25 2 27 0;
#X connect 26 0 28 0;
#X connect 27 0 26 1;
#X connect 28 0 37 0;
#X connect 29 0 30 0;
#X connect 30 0 31 1;
#X connect 31 0 14 0;
#X connect 32 0 29 0;
#X connect 33 0 4 0;
#X connect 33 1 18 1;
#X connect 34 0 13 0;
#X connect 34 0 32 0;
#X connect 37 0 24 0;
#X connect 38 0 34 0;
#X connect 40 0 38 0;
#X connect 41 0 17 0;
#X connect 43 0 33 0;
#X connect 43 0 34 1;
#X connect 44 0 40 0;
#X connect 47 0 49 0;
#X connect 48 0 47 0;
#X connect 49 0 51 0;
#X connect 51 0 50 0;
#X connect 52 0 56 0;
#X connect 53 0 55 0;
#X connect 55 0 54 0;
#X connect 56 0 53 0;
#X connect 60 0 63 0;
#X connect 61 0 62 0;
#X connect 63 0 61 0;
#X connect 63 1 62 1;
#X connect 64 0 65 0;
#X connect 64 1 68 0;
#X connect 66 0 64 0;
#X connect 67 0 64 0;
#X connect 68 0 67 0;
